0.04965275826306126,-0.3080875892474182,0
-0.10644323904856001,-0.08080715731026178,0
-0.022455418305146302,-0.2309954356571745,0
-0.5316247576626798,-0.2977198506161419,0
0.3576355417508914,-0.32489918296882203,0
-0.32916146233909793,-0.331520669858819,1
-0.006885575584952841,-0.5503796316436278,1
-0.10347018839988564,0.46801484256169457,1
-0.30520173318230126,-0.27316747999316837,1
-0.23918217429569666,-0.2866816115149491,1
0.22215646384940424,-0.252598815642043,0
0.06721715818852725,0.05127760849026153,0
-0.40397279039725564,-0.41218660111740224,0
-0.5595775662355104,0.06729226142241518,0
0.4671533058594002,-0.18960782370320806,0
-0.6324832099491333,0.12265325209190081,1
-0.06729482834153155,-0.5871967931529459,1
-0.009109180303541353,0.04374865998060962,1
-0.28495034187828916,0.07986166451067045,1
-0.45508521231561994,-0.5472532716494002,1
0.059981145540001446,-0.3522622330069496,0
0.023816131251502393,0.05838085086146383,0
-0.5426736378357933,-0.32071991880783113,0
-0.3488972388163043,0.2803157280764641,0
0.2957240262069105,-0.23161134127027505,0
-0.2201912692256135,-0.129123081187142,1
-0.02425874215010715,-0.6727313591683501,1
0.2767570257383447,0.22804757949004828,1
-0.1954332923246005,-0.07966316422601816,1
-0.41308914644785744,-0.48012197812064195,1
0.004550331204426161,-0.40096342149519615,0
-0.3430947434530358,-0.44994901137234466,1
-0.38952654322889146,0.10470604499410396,1
-0.5718506688880187,0.16587100669743893,1
0.030203859369410946,-0.5434822550581053,1
-0.4249833988636317,0.05354042393013003,1
0.02909992256581151,-0.24410446606956582,0
-0.549464738955735,-0.5305887889558463,1
-0.20543362640512175,0.0693769358169598,1
-0.5397220839353625,-0.2458565986044603,1
-0.3643384162372292,-0.06945107488563773,1
0.3811133892643921,-0.23000108222555027,0
0.058635222529926256,-0.027436083436580994,0
0.109062566922006,0.13361404971745472,1
-0.1122588795510272,0.35238479276217616,1
-0.4726199563495247,-0.20751405051006133,0
-0.29152120525725633,-0.05363350784826704,1
0.038782196735413166,-0.0034138558039469302,0
0.012379141559217599,-0.524755715580442,0
-0.004706993026778572,-0.5515169935143336,0
-0.0953673091393128,-0.12571977444349702,0
0.06797977733654159,-0.05395168214527779,0
0.2067900806742453,0.3385213422499427,1
-0.13204002471027199,-0.01205123775368444,1
0.19556985014123218,0.023300572276579556,0
0.15227459206036897,-0.3345467393381413,0
0.11558259808408966,0.048145435686057114,0
-0.0027736486376649383,-0.15556382070807562,0
0.0354367217401137,-0.6811149287119539,1
-0.5411948720697868,-0.02927742414882406,0
-0.4898216300928554,-0.14986779658535265,0
-0.008380962641103995,0.06526321923231015,1
-0.4812446401040881,-0.08200713697805051,0
-0.6400097051213656,0.08972797471879601,0
0.457597944683761,-0.4294344888444628,0
0.026363810368393192,-0.7080652453591757,1
-0.04063993671420629,-0.7456768344572999,1
-0.1629906950809027,-0.7699435061728412,1
0.19080413536606278,-0.2212690784053306,0
-0.4239531889973116,0.13477933871928505,1
0.09134565277474249,-0.07336495953318034,0
-0.4101106022209131,0.11273132998714486,1
-0.014831823070785677,-0.4871492769055418,0
-0.5399385990048947,-0.36299679927517725,1
-0.329442649790466,-0.2409206683147065,1
-0.008669800294919816,-0.09025057944936088,0
-0.426418597736124,-0.10997791639898669,1
0.18987009271422717,0.14604583952806194,0
-0.17096367582011063,-0.5950480280335977,0
-0.08774481795980293,-0.5606404809541603,0
-0.019022375442919848,0.12145288901978524,0
-0.04742688940130668,0.2552070494115539,1
-0.05626837458625911,-0.6802860146428522,1
-0.47734650312385474,0.14020016498638088,0
-0.6596299029753121,-0.5711920308197138,0
0.04869625185475024,0.05891809362875566,0
0.2092532357531216,0.15091048672288188,1
0.07821592048882042,-0.1637036286084016,0
-0.011624862696310245,-0.5706306098474303,1
-0.4528392798552353,0.03973345333182099,0
0.05841984617053586,0.1100466382145151,0
-0.7138431670034114,0.25913887858552553,0
-0.375940085814915,-0.18617389045569388,1
0.01390485547660436,-0.08919741233748868,0
-0.1683004985567712,0.13855904344597025,1
-0.026500410802341667,-0.3730434891497397,1
-0.28103786994898283,-0.05617265548427741,1
0.32833119874954875,-0.27350799075426446,0
-0.5901068216669413,0.16227337812704157,0
-0.022981906642505212,-0.21179639683697804,0
0.348507836829526,-0.2919893669076461,0
0.050238096469841675,-0.6505164480167382,0
-0.33125387588978283,-0.10130668154355438,1
-0.6615116054923209,0.33725988260537076,0
0.08771628416336097,-0.42109389344088755,1
-0.32307214232598025,-0.39170965396522206,1
-0.03698520826113072,-0.4777070428636496,1
0.041337029816127524,0.059777811779538226,0
0.03250316659051089,0.09790699138236336,1
-0.3543353235006548,-0.053939874243611796,1
0.15199323408045928,-0.22867242848019875,0
0.20895367663357622,-0.24162617686197863,0
-0.09959974171052055,0.15915014506843028,1
-0.3593967864795984,-0.34102686674542626,0
-0.17835839321205627,-0.10678316910003394,1
-0.06461301714593837,-0.09045697841744915,0
-0.26526056510217466,-0.17353498529939526,0
-0.5582965778199729,0.1232185171726814,1
-0.10914509763095148,0.26886897125803455,1
-0.2194021676897684,-0.4498460270013753,1
-0.27192753520420854,-0.09188861242640078,1
0.17172577978528203,-0.10604777587597713,0
-0.22873977793894706,-0.00510626554891358,1
-0.37866497400703414,-0.1820546621757626,1
0.34796048052071393,-0.249281055680447,0
-0.438291770051476,-0.06511242288956798,1
0.038286940002983716,-0.517227599848598,0
-0.2178887017394684,-0.028791184273581516,1
-0.19115985443507177,-0.22500710568206217,1
-0.2651717705278278,-0.0949812726879673,1
-0.014255059994644048,-0.5019857553638956,0
0.23397283568785787,0.16729468619447174,0
-0.7718799496840529,-0.34965685112820555,0
-0.5544664273719639,0.347928193750646,0
0.286046549123258,-0.04794842214265571,0
-0.6939067321432815,0.11707661703939265,1
-0.10833367965961316,-0.7762159851500119,1
-0.11410160510674239,0.12068130501713559,1
-0.254278590929625,-0.1870759972337398,1
-0.32629377888479816,-0.3672742860027781,1
0.043827930762639467,-0.3848226891094668,0
0.20856383167408477,0.16875153349791083,0
-0.5818012815741215,-0.20149120872404902,0
-0.7333513215835914,0.028127186411965432,0
0.23030346010679525,-0.23568613971577324,0
-0.6697312113446044,0.11295411411212664,1
0.027297614704307804,-0.6538058862639103,1
-0.12526006633200892,0.05981930432665461,1
-0.21108054366912177,-0.29889040525876853,1
-0.3165321174350125,-0.24477262590273619,1
-0.04091480559518346,-0.6435062416021319,0
0.13025378749005445,0.14347204033527206,0
-0.48595447021091176,-0.04930042809285129,0
-0.43852527481007153,0.26693848598261427,0
0.314485844969133,-0.12728658649953584,0
-0.4021253953919297,-0.07054297764376005,1
-0.10093596558303564,-0.7001330805492898,1
-0.1062494976567705,-0.01070350994277891,1
-0.0806729535289239,-0.12305070946975527,1
-0.29036934610863185,-0.27346795525998013,1
0.16072272777231422,-0.36508780165585697,0
-0.21270493951139857,-0.2793899744207803,1
-0.5660797421374013,0.05705046942686942,1
-0.6730827016171528,0.18448660294281827,1
-0.04542031293163862,-0.7441533588259618,1
-0.5144424799400746,0.04161364837516657,1
0.04433949207920218,-0.3865930984622473,0
-0.20776346530965295,-0.2796225456777659,1
-0.14128714634325323,-0.15878383324369305,1
-0.3717022939225908,-0.3975411225823229,1
-0.21196325078999056,-0.19301781560080522,1
0.1909310634310344,-0.3164281091648088,0
0.21265766752729065,0.1418666656002734,0
0.010214330303347507,0.5348911242463188,1
-0.06872006664906605,0.35585961723116344,1
-0.553587227257226,0.11922775281445808,0
-0.6996025720122956,0.07899392802232863,1
0.23498035850494392,0.04916165288237129,0
-0.01683051476630959,-0.556347962431935,0
0.1478951466075833,-0.4190449222862491,0
-0.6249145268548638,-0.2732831258109397,0
-0.6229321102060655,-0.21988354200455462,0
-0.1796653230552896,0.15330375667526797,1
-0.33375260992498124,-0.29205200916311014,1
-0.5317382035156512,-0.42716258176691513,0
0.1396559900714951,-0.540099168924385,0
0.15371882934490255,0.12504647310737615,0
-0.5414424106634903,-0.37798528486681426,0
-0.14259486507023655,-0.712345994107786,1
-0.6202177832244253,-0.0023056445517637414,0
-0.5636677235983316,-0.06515246954682319,0
-0.18262797036550027,-0.04105728702283151,1
-0.3630872634650153,0.24434184345580912,0
-0.6005625468508078,0.013432404686369859,0
0.2439903585754717,-0.1853406330448285,0
0.0851979157298266,-0.6113486591502104,1
-0.06484023587446996,-0.7047034946667716,1
0.001639239969067674,-0.7343865743347221,1
0.13705875752761165,-0.2723510228774928,0
-0.26827676563749336,-0.335670519957039,1
0.12953587283202173,-0.007087414831982386,0
-0.5823624356125435,0.11881979880569471,1
0.014404456358471096,-0.5396901532087491,0
-0.3433238994059379,-0.10620691322406028,1
-0.6108142104577972,0.050094818196474655,1
-0.3372163254606787,-0.021152122890684577,0
-0.36024072308820754,-0.14797221098898705,1
-0.4386812598031523,-0.20085211689855353,0
0.24291825138817558,-0.4535986981949658,0
0.11667803274485933,-0.6291572676823903,0
0.215072077525843,0.17497858870357086,0
-0.13929124018789085,0.2067780596328297,1
-0.09821867655076366,-0.7763408723663544,1
-0.5311269695984434,0.13837314802274792,0
-0.5734837617517256,-0.3291850161915132,0
0.03447410392965722,0.05085937441956512,0
-0.2071514021125599,-0.06147300938832101,1
-0.3984548995830921,0.09393078597572191,0
0.1709219364304635,0.11232727444687174,0
-0.5032527639734287,0.09253678601114412,0
-0.37644055716895275,-0.10319430159235854,1
0.12419796515385384,0.019353538597029374,0
-0.0711220870092546,0.4367312943439996,1
-0.03163097313027796,-0.6214774316834928,1
-0.11611711760544863,-0.3513827268092343,1
0.2981324120920521,-0.304606179868789,0
-0.3972753633834265,0.3680375210997151,0
0.12972298719868958,0.09655164393589333,0
0.33044991444725147,-0.21741146168411662,0
-0.0016078260239310582,-0.5189856406138378,0
-0.5178408819370837,0.035290988047961935,1
-0.15848085500409947,0.3985302628177283,0
0.05350981052125703,-0.6604384365107243,1
-0.2582910500862202,-0.2847452251549266,1
-0.1274369432291117,-0.7898514748703137,1
0.29697578297410954,0.1384014414317023,0
-0.20195746731009978,0.12463243441101679,1
-0.3461211393215443,-0.10075913729478436,1
0.15060905744242659,-0.30813794094842606,0
0.2867013259655298,-0.13675397349038554,0
-0.13888153610977028,-0.03173566418811846,1
-0.6725305490713199,-0.5176054811116444,0
-0.15723100915507826,-0.11045912535215252,1
-0.6650946965891888,-0.4369791875329462,0
-0.45480420416113965,-0.22674103473527674,0
-0.4801540834270078,0.05837923310016402,1
-0.5171606070704942,0.07125564990879085,1
0.2886834655339727,-0.17627592649853496,0
-0.189573879443936,-0.17421176571795727,1
-0.2514580557954169,-0.22630952166267015,1
0.284616888630141,-0.18651609985627182,0
-0.19760444009589706,-0.26426610085510305,1
0.08940678927309742,-0.5411227055605163,0
-0.16995334362171688,-0.2626568824417598,1
-0.11715544566068781,-0.2161338363731362,1
-0.17532611443275348,-0.16002633679578482,1
0.14450521607810174,-0.3000852708650995,0
-0.1339168808770017,-0.10679479876696796,0
-0.6061486795625,-0.34155460056935116,0
-0.6040849611125756,-0.29387124522383967,0
0.25059053313287705,-0.16945777633198977,0
-0.3276929641811649,-0.22064444772600866,1
-0.05796976845171398,-0.6897765437014158,1
0.029572359797924497,0.8233102134363244,1
-0.28895657525924,-0.20161692812353305,1
-0.21016949452123224,0.1555587464212238,1
0.0555204824931439,-0.467789941664396,0
0.009500732747951934,-0.005532385278073315,0
-0.6947710230614937,-0.37265863279045364,0
-0.450507008632715,-0.1589139553272858,0
0.35822283365661134,-0.2303907243022678,0
-0.4565300732922438,0.26644399331904567,1
0.009103942609994586,-0.6742512488547674,1
-0.11363365908864431,0.13264972237199513,1
-0.19152672143711036,-0.02504487144144607,1
-0.17670023794121603,0.34947393350110256,1
-0.03021648277057698,-0.3596645598600543,0
0.05937538492362959,-0.07154521838976513,0
-0.7483659201460844,-0.2923154267520225,0
-0.5745780357454533,-0.15383623738910257,0
0.2251946369745017,-0.25448752728587754,0
-0.3276450960995454,-0.07559757639390963,1
-0.0621593659281513,-0.7495481019931072,1
0.2503831732905828,0.7257932101495952,1
-0.09169547639018938,0.018538782526143827,1
-0.4121760907416613,-0.15758990064608713,1
0.11667893880014724,-0.21475950695885326,0
-0.25629755304699986,-0.3107325416906991,1
-0.21311747203515696,-0.06026739692811656,1
-0.3417222226314288,-0.37977951964670054,1
-0.038634824883581165,-0.6351843176578715,1
-0.39440262148449934,-0.46446459958398056,1
-0.029054583378385068,-0.22077198841596812,0
-0.2744478932795824,-0.00213161871960843,1
-0.20876596435826622,-0.11303643629972315,1
-0.3026300153734115,-0.2524770269532064,1
-0.19766443099975983,-0.04582968804818066,1
0.398830570744519,-0.32329504709343615,0
-0.2241427127972485,-0.23542438125869591,0
-0.24807347071383334,0.14537227371086647,1
0.05184154964803911,0.3659183559497665,1
-0.5018297068984466,-0.16738046175147325,0
-0.24633791502108793,-0.009021118812766682,1
-0.1128229470245734,-0.19382512447503486,0
-0.008461304063114738,-0.49970635833267896,0
-0.01637820487820707,-0.48404037704016434,0
-0.8769159774617312,-0.3983239759498787,0
-0.5525635560871267,-0.262836392974089,0
-0.006644479384837365,0.4479607630667055,1
-0.2976513450480819,-0.15874926272508383,1
-0.6654403175213351,-0.23717022520772713,0
0.012705191323821863,-0.40680901018543225,0
0.11920007938874533,0.05552782126054656,0
-0.8752753101054827,-0.413484085815108,0
-0.16696777482693248,-0.6752163585274018,1
-0.7464562869114258,-0.2745559244886433,0
-0.41023808271750517,-0.007722233076197349,0
0.2508234687705726,0.8689751756576822,1
-0.6708259176068327,-0.10612945433659726,0
-0.5842383548719318,-0.13350289140776816,0
0.40923081340103096,-0.3218449360838216,0
-0.10744025033269278,-0.7374521840925324,1
-0.11347204617871365,-0.673268946954565,1
-0.05536855365470339,-0.7965028414500712,1
0.23825400237735517,-0.40485979948973005,0
-0.03775071206823388,0.318456271667219,1
-0.16974210183160143,-0.151625654286894,0
-0.2362980382073664,-0.2655872956000085,1
-0.020352582758346505,-0.397589463728959,0
-0.22660720591651695,0.23261653717758835,1
-0.22179155991214072,-0.05297075804829032,1
-0.7600603717785482,-0.2645062213782893,0
-0.33404872724228307,-0.2907732183061169,1
-0.8455751791431255,-0.2905857191021569,0
0.13485717848819934,-0.3941424260996147,0
-0.0523172134152029,-0.34530406060230023,0
-0.08642021155829771,0.02694173208028472,0
-0.12461283510907539,0.11581315081563703,1
0.039328981198160085,-0.5976672744474691,1
-0.5319411788437185,-0.16825676548840884,0
-0.6646116915593959,-0.1946145512202223,0
-0.10490454543920369,-0.036627817583620326,0
-0.11664173558665669,0.10084016458608902,1
0.2918285049217908,-0.21083062997255098,0
-0.1076102230689806,-0.7383446892287461,1
-0.5549757962170045,-0.003381327391377198,0
-0.10359508387160588,-0.07820237716135836,0
-0.6889644981396758,-0.23659903726940734,0
-0.10139955534641754,0.22686038169144696,1
-0.21694961014640757,-0.20008960041737966,0
-0.28536146875491764,0.047242910222043966,1
-0.04442392145693952,-0.6547728981806009,1
-0.1887681344797476,-0.07756540516058863,1
0.5372706998058778,-0.40424382572319706,0
-0.6481858049268403,-0.33882843676015006,0
-0.2120701569638832,0.003361778510231561,0
0.3047271675450831,-0.0015841547012622748,0
0.0005248056957523062,-0.5520135476070487,0
-0.2227131719413996,-0.21091318737268006,1
-0.48235292289196596,-0.1604782138584897,0
-0.013644552371480767,-0.7320460483671531,1
-0.2269599064296589,0.2743750597403549,1
-0.006548177059542359,-0.7004169415229715,1
-0.19388379300939818,-0.25202140561834496,0
-0.15003227862593982,-0.07806453202118135,1
-0.4762177196340416,-0.03441143441094918,1
0.42753857737079515,-0.5327252401418573,0
0.3794399595990434,-0.2552214499768949,0
-0.12153532949734014,0.1386059639754953,1
-0.6193520358473988,-0.24780528184101547,0
-0.36137715043105934,-0.16204855575222377,1
-0.8098771819742187,-0.28726955494620565,0
-0.9415873839633363,-0.3143006750712465,0
-0.4396365439833503,-0.2742881372018472,1
0.11140663975219245,0.26748886282728357,1
0.20901008970432788,0.29720692318196895,1
-0.6436894782597652,0.18104848197053913,1
0.3667047318703891,-0.33794890105951136,0
-0.39492214190249164,-0.39568008495942464,1
-0.2009935179688831,-0.035469241174028165,1
0.41379037389437245,-0.21536866982652547,0
0.3210791779629729,0.15505020801813307,1
-0.022628806053140216,-0.5723934683158061,0
-0.1804882173132475,0.08384174639997188,1
0.013106535190864799,0.19785824619054182,1
-0.5945999039144527,-0.03071793430546499,0
-0.167858758106461,-0.5700491524367587,0
0.09198631371200516,0.01830187711861897,0
-0.5868211281569766,-0.35269967550250014,0
-0.40171826237803077,-0.011847833827302923,0
0.22160202570691867,-0.29690683646146543,0
-0.28614594023000306,0.12378783548847094,1
0.12323632591273026,-0.5669244038074154,1
0.15902410433175462,0.4611834350860411,1
-0.023058165078050585,0.003762188836418323,1
-0.3605184543067371,-0.17997060255838515,1
0.03369985675620857,-0.4572118529665008,0
-0.01620959041392367,-0.044293584911329065,0
-0.44650259798602854,-0.42118362323428626,0
-0.6142708263964911,-0.3836788085014884,0
0.21739740995795787,-0.27407800072670974,0
-0.23383506588322067,0.09565815858128901,1
0.09454457182242448,-0.43804935631534037,1
0.24994235963355327,0.5615901815304909,1
-0.24906704612021702,-0.002251088887664676,1
-0.30814055982690425,-0.3809753727208641,1
0.046442971739470984,-0.4923155088359932,0
0.1539154825589244,0.023412914863984113,0
-0.5398525205902385,-0.3810554475494148,0
-0.16094625858508027,-0.40855295297105,0
0.3201920219823098,-0.21331133738677988,0
-0.1569336457660041,0.1229671364726781,1
0.08091525214416273,-0.5728773079289069,1
0.31021102302406955,0.6310049654101446,1
-0.02478645160936943,-0.22664609856829399,1
-0.2526985972829683,-0.3296789414945519,1
0.13501740191550482,-0.3236035582873864,0
-0.22447122279287868,-0.3047520366923798,1
-0.4745285623468356,-0.021742214749029265,1
-0.311249606054246,-0.03495376683563456,1
0.10141910799541809,-0.36031199256154334,1
-0.2202773101888681,0.04662923191635726,1
-0.06632235227512373,-0.4408511243472206,0
-0.45245902859940723,-0.37133654163949237,1
-0.2644831492256535,-0.17481079018591805,1
-0.46036337709961517,-0.26367383648753573,1
-0.2871730490683875,-0.16219164212013626,1
0.2902953933138914,-0.11064249576153262,0
0.056484122646579316,-0.04785012250852427,0
0.3653761294696125,0.4945074127767859,1
-0.07207363099377484,0.5843843979885774,1
-0.5693589853668299,-0.3083543972543824,0
-0.05446789760549364,0.17702101512411317,1
-0.03441740433543217,-0.11767596434936589,0
0.014008060785218657,-0.5937969879710737,0
0.055753668557265046,-0.4664589808078283,0
-0.6457673075755501,-0.47490938841383856,0
-0.5930932935066725,-0.2589810993884436,0
0.1476028566367571,0.4673960714975469,1
-0.13475924907342263,-0.11288065214964416,1
-0.6110390161847166,-0.2913053306125396,0
-0.09091007359672743,-0.4971658081137341,0
-0.37806707459582256,-0.4529055333513562,0
-0.4946425163992074,-0.24829302084359617,0
-0.03898034143285478,-0.5269301017644084,1
-0.3210636783491402,-0.2559637858763062,0
-0.3717100627440644,-0.41908252050577,0
0.47903497738485146,0.766869156376988,1
-0.36307895610967833,-0.2972265562116527,0
-0.3903341111559093,-0.39119227034322335,0
0.3448225252210555,-0.26102993224959403,0
0.11039726327861965,-0.680923800899651,1
0.03181618943658626,-0.538009801576601,1
0.07248457992248025,-0.6359923237903978,1
0.22249389975228562,-0.27871208341798726,0
-0.46741746221951375,-0.22129458657426926,1
0.02965958667419888,0.004379253221897139,0
0.01761088088653784,0.09010513653002072,1
0.04982516515834101,-0.2789287209086406,0
-0.33347164019219844,-0.2519248515309972,1
-0.24476724767234448,0.04366872054181514,1
-0.512674219074791,-0.38322265724880167,0
-0.14916083954627724,0.023600499564067734,1
-0.6076407357601639,-0.3355542859598091,0
0.05361178756782903,-0.4148658179597051,0
-0.12008307148477781,-0.6822961024722507,0
-0.007664898837194456,-0.08233516578275235,0
0.4472359683408105,0.5628852394863211,1
0.03836784094415102,-0.6407613918061985,1
-0.4418547969495106,-0.43163778545514164,0
-0.5536124647545445,-0.41084848613180847,0
0.08054724009677594,-0.13712743965760033,0
-0.12434586309261852,0.43184710902030843,1
0.3078692207701126,-0.17340981019980206,0
-0.022495364273770746,-0.6682327056880444,1
-0.4641878208071758,-0.4024117733772573,0
-0.025052758682317267,-0.024079761360257246,0
-0.5843211055770403,-0.44878181834570297,0
-0.29694313837046005,-0.30824293353228205,1
0.001612490051430715,0.060085774794754965,0
-0.0069654760603834465,0.18334830138865255,1
0.07436942769675436,-0.6165286012762469,1
-0.17673978451319228,-0.23178439135793993,1
0.30557042557891445,-0.2641113507831848,0
-0.673303950722872,-0.34246091217848196,0
-0.04332348288780197,-0.14250353813431116,0
0.270012312475324,-0.22335238563761073,0
0.018854386814545876,-0.5401087301575238,0
-0.4388516901681584,0.04620838033892727,1
-0.38224137263849645,-0.3067618593100173,0
0.12693957881105722,-0.6190973093761758,1
-0.2883450351686071,-0.4260646963736284,1
0.17073437385079315,-0.18044033790968939,1
0.11628361809019983,-0.03803043349152413,0
0.35513981625047264,0.7925995232784078,1
-0.37517881396709607,0.015299818547415356,1
0.3100734703524832,-0.13970370096802676,0
0.3283491378944079,-0.2524977677295803,0
0.20643090785251972,0.46422168534765107,1
-0.6619646026491748,-0.4005906092074205,0
-0.26979388558516015,-0.37561877808669664,1
-0.6869564246001845,-0.34021566134874826,0
-0.10856473313173964,-0.04654195104968872,0
-0.30549910455900564,0.08031495111672426,1
-0.02140322366029246,0.3866249597883449,1
-0.25077738509367664,-0.3396798523605138,1
0.008421971950902218,0.05339082938924111,1
0.3344364018184245,-0.16333758169739832,0
-0.22494431242099588,-0.05131755494046908,1
-0.17227031355497513,0.0854695735112323,1
0.14725706789073434,-0.27169843728978127,0
-0.05866279730796897,0.07881170488118494,1
0.07515986581426581,-0.39435228208766815,0
-0.16876535622362898,-0.19304135119238208,1
-0.3013116953050009,-0.2549205329878893,1
-0.2815060302161112,-0.012837451787298892,1
-0.036512974365849105,-0.3611176879649137,0
-0.4879235150526,-0.6114477126599891,0
-0.30223526979139637,-0.29457604100697454,0
-0.3295294960030377,-0.4153761703520692,0
0.2037283075659222,-0.2816922131703178,0
-0.07545087183146304,-0.05795326831605585,1
-0.07492743746544095,-0.6243963274185922,1
-0.30090191658594445,0.15388347624557164,1
0.03205950873928676,-0.0474319177918594,1
-0.14396689474304136,-0.18726886163586753,1
0.07594665209154239,-0.38618982606208807,0
-0.45259552131719727,-0.5241757639172242,0
-0.4122348616703846,-0.2982101158514501,0
-0.4637060822782365,-0.2300873717346511,0
0.07410379507696763,-0.1640498389956434,0
-0.28250337455970664,-0.22513030247550525,1
-0.019645010856156442,-0.5586385802553279,1
-0.24336854368501526,0.3697366569397267,1
-0.15084046900549164,-0.3343278101606354,1
-0.08748978303550059,-0.17175712393915732,1
-0.04533740401613784,-0.22920944564018098,0
-0.46557028672478895,-0.5644662919629637,0
-0.44984642800826335,-0.4155734757199404,0
-0.41712673883983664,-0.31372044685658573,0
0.2593891627218614,-0.40425316412785217,0
-0.3841240863202723,-0.05006457845364254,1
-0.04353561423007457,-0.7306754631288729,1
0.046036902681243275,0.5014745105257565,1
-0.30593523064823724,-0.28518267977490985,1
-0.428535001073327,-0.34835148289222617,1
0.021111473228200506,-0.31299171416587035,0
-0.19015646515429463,0.03847530588554693,1
-0.3358983750452489,0.11060664820853772,1
-0.27682626243491393,-0.289529446344711,1
-0.06788577851093458,-0.5467662470231287,1
-0.1852911390387102,-0.1209630594693708,1
-0.08272965937330279,-0.46227786191236064,0
-0.3025669444905763,-0.06842781507177242,1
0.061269379037556915,-0.1557326121370065,1
-0.21774451146489238,-0.24100284250121307,1
-0.1987460646688266,-0.30132910922370393,1
0.2716702033085867,-0.19516471516661682,0
-0.4079391673052548,-0.6678860286045734,0
-0.0007499925092040449,0.1941194288277852,1
-0.10101514887887209,0.35309322167741874,1
-0.4460992048178094,-0.36443597166980135,0
-0.3446961981754382,-0.11621064866736797,1
-0.2864804722874108,-0.6778933230145363,0
-0.02577897872027335,-0.4633123432981523,0
-0.029728345197413297,-0.6065602892779866,0
-0.5814388202276868,-0.26306717930332035,0
-0.49555204763902205,-0.4509633859766018,0
-0.211180972977013,0.20641010885651712,1
-0.10129986530646584,-0.28708050356856807,1
-0.5979897666548695,-0.2581706736925782,0
0.1970272028440947,-0.2530545921930972,0
-0.4021423858559042,-0.6523544379401289,0
-0.5074362477527896,-0.3883873598035351,0
-0.004845159851165959,-0.4593867989392577,1
-0.44921880824440763,-0.45394989353739323,0
-0.34516866641410926,-0.058585049238063513,0
0.038634725955071225,0.5506140837179201,1
-0.27546940034002776,-0.2898963266338982,0
-0.2865675030003393,-0.3369143111024514,0
0.3659033016117754,-0.2402688452191193,0
0.028013267469957137,-0.5335829872152729,1
0.07463650433274482,-0.6192520709453102,1
0.038936110553475345,-0.5074521082163486,1
0.04975758248521056,-0.21460321114903758,0
-0.0833587832935373,-0.04478380299101958,1
-0.2710794399851272,-0.7624105282475016,0
-0.3424257507045225,-0.1412545191119421,1
0.005544092706855297,-0.4135683803632981,0
-0.444533942366486,-0.16817575148238517,1
-0.20553607726845025,-0.22590257144411352,1
-0.6478254361246285,-0.43506730918705827,0
-0.12405961362951734,-0.320609815006507,1
-0.7038707830853392,-0.3902804961594095,0
-0.09835450956249847,-0.2654360287851494,0
-0.023267569619056627,-0.30161520724060087,0
-0.36258457730577054,-0.664518381814977,0
-0.23416235171322253,0.23679222036839676,1
0.06924515541971354,-0.46649037251510606,1
-0.4935718086966687,-0.5129240208069259,0
-0.6687484685799205,-0.6572022212299381,0
-0.38721486767583013,-0.6030863767535175,0
-0.11303008799121705,0.31963038356071505,1
0.13858237601492718,-0.27895447258363104,0
0.038045264049209715,-0.4538398835374007,1
-0.2740474764266463,-0.2738383220906202,0
-0.3241153542124301,-0.6303502328842464,0
-0.24073953316595387,-0.28424403360214723,0
-0.2319525301839781,-0.2818724953170998,1
-0.47722626700726156,-0.6610729224781681,0
-0.12104974243416422,0.15317020939978265,1
0.0152909585148846,-0.6650001794618831,1
-0.15819536919281385,-0.2989251991554146,1
0.3263018283042751,-0.24446458650336345,0
-0.5114645892172962,-0.2945908530344441,0
-0.21892698509785602,-0.24110564054952444,0
0.31924452984399254,-0.16540011204040317,0
-0.06679085908083149,-0.1593443513425592,0
-0.2449096432759249,-0.27976990026570336,1
-0.4422727303079501,-0.34841339020958306,0
-0.03851888452082186,-0.6876485946387385,1
-0.21431208305715566,-0.31110053481186095,1
0.08465059947206477,-0.5570915202872748,1
-0.34525970520180327,-0.49255327225485057,0
-0.1904945001522167,0.248909198363777,1
-0.3488218232090782,-0.0723557922189666,1
0.25579183191297994,-0.29904478271350443,0
0.4571858106463411,-0.1840778651409407,0
-0.3349522220898956,0.07049426763619149,1
-0.6928678301459911,-0.4769297260687604,0
0.03684865633514556,-0.11161246865772667,1
-0.811439043167462,-0.2219828355032334,0
-0.5272605412611218,-0.40903239879154196,0
-0.007459615499568195,0.14557818776339992,1
-0.1259335575659104,0.42173037375190736,1
-0.40728973340542274,-0.2412246799172587,1
-0.4140192836000711,-0.15421477841085351,1
0.08324491349280749,-0.2883337303336745,0
0.07148115057474169,-0.0799064010607019,1
-0.1249620672378382,-0.2183436913551916,1
0.19682671973876986,-0.1120671372675689,0
-0.27980173553448484,-0.06070270796246002,1
0.014128242423520954,-0.36855715235170106,0
-0.1252682507365892,-0.2527555758343598,1
-0.23397369452682437,-0.3253082155587619,1
0.006747362256436906,-0.1057180489364149,1
0.09452721116453078,-0.42046747175193333,0
-0.11012935038659677,0.05251075812476902,0
-0.7028123332405389,-0.2699950033413385,0
-0.3377055971053058,-0.12137873857334736,0
0.38413561406817354,-0.16344750174771394,0
-0.016435208853854966,0.018755233115547165,1
-0.08622255497459319,-0.755072510097694,1
-0.09062610898008228,0.30287172340576385,1
-0.3375720111651248,-0.23171019439816232,1
0.45675229493584,0.4115764975626004,1
-0.009373083192673048,-0.1722410902875463,0
-0.19095615196531535,-0.19218660640440255,0
-0.5630539301862425,-0.3277694990990967,0
-0.39131056385270024,-0.27025948610255435,0
0.46437367578476985,-0.2535526624418615,0
-0.3130392710361999,-0.17085362434476659,1
0.010221050905091733,-0.7201404823745677,1
0.13501589588953622,0.6283262643368965,1
-0.25935696011227694,-0.2101028697292926,1
0.32955699915116776,0.1995572513961339,1
0.16926867924188405,-0.4139001917318894,0
-0.09360736685830162,-0.3025799842597373,0
-0.6151460079001592,-0.24543131332202728,0
-0.4618543682733126,-0.16850590215116434,0
0.4222510529435315,-0.10552550352972634,0
-0.3957425917893247,-0.13272074442014503,1
-0.06432062638607228,-0.6944975492560559,1
0.6526544418234113,1.0,1
-0.2610810179465227,-0.24921465245152363,1
0.24972835700337104,0.15142941365440854,1
0.05970826151057995,-0.35323060457923305,0
0.35349868422226494,0.13078119771410668,1
0.27244174755861916,-0.16479886734674654,1
-0.22237853017114784,0.08692331509112972,1
0.05017576345851893,-0.86309792848335,1
-0.16556731172817574,-0.015742138068892686,1
0.03379944851200256,-0.474004597223028,0
0.1972079061455514,0.27143779087440656,1
-0.3844213920355699,-0.2350132827454171,1
0.3055437324439263,0.13775197070769618,1
-0.27671843068109847,-0.12176026681259278,1
0.35071934864695065,-0.030210684454862746,0
0.017427775758688036,0.2553855317973812,0
0.6325290229350911,0.6182671661722843,1
0.3470097013125868,0.4298563058037368,1
-0.15588324182455393,-0.05395711524672797,0
-0.24849735558672492,0.06025714781722691,1
0.04994556897261759,0.17677161351667015,0
0.16875019596604846,-0.4900700483044167,0
-0.012748915162821395,-0.2407134068919965,0
-0.532783861330006,-0.12449113644435073,0
-0.5049914866746481,-0.15631879003594595,0
0.1241710820672004,0.3657027642054922,1
-0.2629601185604973,-0.07689005668622739,1
-0.33932965901752077,-0.025578262512361172,0
0.28416633444857387,-0.25495387190666585,0
-0.17943087998396845,0.06401308945887108,0
-0.32015326048711934,-0.12798169149658745,0
-0.10604148814970848,-0.7386851025605614,1
-0.4070705743106591,-0.10682662225861406,0
-0.5424681760411446,-0.10425942013252132,0
0.11435784594232068,0.413534557959373,1
-0.4766851602313372,-0.15272635935460122,0
-0.545464698224716,-0.014585838892806846,0
0.35906792904914675,-0.021359064376859305,0
-0.036926215253206496,-0.7347709789048816,1
-0.0771589719492537,-0.7153615041186228,1
-0.07817452693940674,-0.7145814062886624,1
0.35965194989908644,-0.2339111259147002,0
0.28420562535315663,0.24828137108379633,1
0.008773250808218336,-0.15338047390484366,0
0.00018690964094947304,-0.2054603149915465,1
0.21996868636104128,-0.3797976125019865,0
0.16353822217839098,0.05351741227625584,1
0.0986331726258316,-0.06645609339105851,1
-0.48440984436525314,-0.024690079100965434,0
-0.30032413617558396,-0.274047908226851,1
-0.46571094321841733,-0.29991815023879553,0
0.11290066171113011,-0.30313054784329474,0
0.03880249267943836,-0.49101830669655977,0
-0.0863272957396396,0.1964679802448348,0
0.1579100292893194,0.3276566855010439,1
-0.006363004717409582,-0.7004207177650734,1
-0.4218555893330974,-0.03130216126335594,0
-0.6559400296804443,-0.4077002037077163,0
-0.18766688169657686,-0.030865555955909785,0
0.6925455004163583,0.8852967588174296,1
0.4256490771844139,-0.24291920475333584,0
-0.056035242581251365,-0.826613907138473,1
-0.4806969680899775,-0.19306993872792977,0
-0.19869943383797606,-0.09798840372288742,0
-0.3219996268907911,-0.15744428857168213,0
0.23818596072510312,0.16261239492980128,1
-0.06861068236260981,-0.0792602273794053,0
0.25666525564995935,0.33649337224079723,1
-0.08068410416297733,-0.7797548251465637,1
-0.31266354136913843,-0.13059057552060427,1
0.29036253759536024,-0.15515191893122415,0
-0.39203473917876064,-0.23578575102406518,0
0.07014527385354774,0.014085332268537254,0
0.06895059359465416,0.08174917891919642,0
0.016462885000557703,-0.4911035848312585,0
-0.35988170289102406,-0.3150271668643351,1
-0.574798287102948,-0.06963128529214457,0
0.04925106043892313,-0.7465630286190981,1
0.407592958596944,0.3500843002592906,1
-0.04795245132953074,-0.706834501794348,1
-0.007018751329486372,0.10975726615228809,0
0.2563259145602268,0.3838224137578947,1
-0.2976226925296447,0.20003671632832076,1
0.1925344618808944,-0.332671862418465,0
0.5695571733034182,0.5894623767028688,0
0.4266561170983241,0.30856791643549153,1
-0.5668016321082405,-0.10651704264575401,0
0.0014890473000643834,-0.053938805067791695,1
-0.5622821255830136,-0.15356366809871025,0
-0.6217336780541105,-0.17995038435612642,0
-0.2523414129992734,-0.05486609075167437,1
-0.13635821335102694,0.26486152395784757,1
0.4613487583906444,0.4018230770342568,1
-0.489223485386834,-0.12735833050922063,1
0.5352384886179973,-0.11811241295584618,0
-0.2315566137761491,-0.19121660367681648,1
-0.19528266216595636,-0.26487667413691507,1
0.25443944941899455,0.2002629952387769,0
0.44975172234941296,0.34079196917266263,1
0.08740786568983383,-0.32870405114825174,0
-0.2757124443658995,-0.33408242972076263,1
0.30333124497872177,0.40943302721499886,1
-0.14764198403316142,-0.138665654658643,1
0.0020704742966166645,-0.3150439882754561,0
-0.2950536144914855,-0.025545829971498457,0
-0.7953591325849473,-0.2826947213198082,0
-0.4224519441268637,-0.24562911392396947,0
0.29217663413694916,-0.5375497070648453,0
-0.5519492762920459,0.28547826737373216,1
0.022052474431659697,-0.6617526439129515,1
-0.14511547859856577,0.24358759941413188,1
-0.32910064595358557,-0.5071120598402895,1
-0.3750037198427758,-0.3732499399710236,1
0.01165845916581243,-0.4155017243072243,0
-0.2545559798785828,-0.007999634719665583,0
-0.975694456959729,-0.35463386526925655,0
-0.6354899848010617,-0.15951751041043394,0
0.38274209099374,-0.33395420348186755,0
-0.4860009312884419,0.04261067309739852,1
0.04813378461687523,-0.5773266402843604,1
-0.26036236790658107,0.18276813061752395,1
0.04757440882973207,-0.17835419159948718,1
-0.04707213924161435,-0.20570243627916873,1
0.08501089131100992,-0.2785018129789546,0
-0.1734560533868258,0.04904857340716795,0
-0.8291200190435687,-0.34833857942872015,0
-0.6381375342508636,-0.17833116515751202,0
0.47263650287189574,-0.4294782355913823,0
-0.604619742860252,0.07417014373962294,1
0.0607489209695935,-0.5196957924279126,1
-0.28780823350240226,0.21536029237844723,1
-0.028648453865331325,-0.14347767750892415,1
-0.17824844473846702,-0.45949878673997857,1
0.09480784006966725,-0.4929393821767797,0
-0.2556201388149556,-0.23366332387474198,1
-0.40230381803846016,0.3208052509775876,1
-0.1635162915256404,0.12671396958057146,1
-0.06462324655084195,-0.728882024276325,1
-0.4952272597177043,0.26635530101908667,1
0.1019934988104414,-0.4065889089633252,0
-0.36041637556339745,-0.45904619624820486,1
-0.27682033172955,-0.27929517473230747,1
-0.20634305308412437,-0.09004703244146761,1
-0.17397411429171572,-0.12603584126445633,1
0.4876039758318751,-0.3496221999503101,0
-0.07289085412401741,-0.2607470828105508,0
-0.4301909680247983,0.09838065535526641,1
-0.10601924281660591,0.28091925543058216,1
-0.5436458166490215,-0.11789086109590508,0
-0.36255980249782793,0.22150350321007495,1
-0.24597056444558196,-0.1217465295745227,0
0.07205492450977924,-0.4122565047011567,0
0.20022562220082518,-0.2277949007551,0
-0.6242914509438946,-0.2011650819947145,0
-0.6942988683562554,-0.5206619469761653,0
-0.2831571926620431,-0.08771045281278467,1
0.021524181340587534,-0.09582992536989299,1
-0.7368813708223205,-0.2690613523854505,0
0.055370258083028645,-0.3063837442049334,0
-0.5482753315138602,-0.5305041121911206,0
-0.716024311610657,-0.31300435336227095,0
0.005025157745331965,-0.6135481120887909,1
-0.5098963472635304,-0.10515584071067041,0
-0.5034080101769187,-0.11198974658715988,0
-0.27397139210316235,0.21915619015605814,1
-0.18853856139735825,0.3027137864678855,0
-0.3031756152463365,0.15785356165631192,0
0.4824741949950082,-0.32436993727944763,0
0.07847723261838446,-0.6306371491061189,1
-0.059738253509786565,-0.7030563300803854,1
0.08974977402333661,-0.5931108877837028,1
0.3544988276794967,-0.40074567909023606,0
-0.19138933294652316,-0.320476198033387,1
-0.19144444457108778,0.0590971455299949,0
-0.3249540089275099,0.07054405353048843,1
0.14108103751009882,-0.3875762529183202,0
-0.2142017259873895,-0.23427342182513833,1
-0.53451443732875,0.17034512373046384,1
-0.8183505207347598,-0.4067162455132579,0
-0.2973399506849702,-0.09569878863076309,1
-0.7745206242970185,-0.45802479402432084,0
0.2124996814456932,-0.2401289995227115,0
-0.05189078802596503,-0.4232752830743788,0
-0.3706344922986494,-0.2987837806882785,0
-0.23441510895337414,0.12593265017291277,1
0.0926679262862069,-0.7312577580836791,1
-0.4895391355680656,-0.10373958995396115,0
-0.37242862093070916,0.08579641058003529,0
-0.16536968060070456,-0.1097989544332778,0
0.0032360766179455602,0.4658210748491334,1
0.5729507842264543,-0.43804091152584657,0
-0.027604991276071522,-0.6833884500886358,1
-0.6363190178291472,-0.17814329138135543,0
-0.19418247791658816,-0.019546220295995953,0
-0.47852282691809667,-0.1348870661178836,0
-0.16371870626849006,-0.09677027636161706,1
-0.2102914860630447,-0.08210287459957744,0
-0.25414670241531834,0.07000318805807071,1
-0.02665811540801033,-0.6958848450428368,1
-0.2723735999105187,-0.33906912779544984,1
0.5446764907520203,-0.566398746291338,0
-0.4240111420037016,-0.23944238436820342,0
-0.25263908644881616,-0.03679786622199532,0
0.31769731415453917,-0.45043823039461517,0
-0.048218498121651465,-0.3797779825757561,0
-0.42940262092630554,0.16596376723484307,1
-0.40941322323035356,-0.11513765274221499,0
0.065748618696849,-0.4903861646170282,1
-0.2282031595639098,-0.2856259898159803,1
0.030667476999386434,-0.687086770570047,1
-0.005629965082599719,0.23304663922407665,0
-0.22656034148393078,0.09421694867382224,1
-0.5202280660231728,0.06383529954017764,1
0.3683790622555072,-0.34145435616495856,0
0.428233462672148,-0.36366810274227623,0
-0.20341443956351934,0.15342305581637405,1
-0.8758627255564115,-0.38994682536480907,0
-0.08609866785573372,-0.015074101336402523,1
-0.07892884759327656,0.2764935958104928,0
-0.6015287048896517,-0.1894927661614273,0
-0.4581681314366427,0.24895815821113354,1
-0.2848086872313632,0.18487191150496463,1
-0.05756861323309925,-0.1303305561970478,1
-0.565436278736609,0.07272609559558196,1
0.4169287261892023,-0.5405953933110703,0
-0.0703336533520047,0.007244241510916849,1
-0.218491642864303,-0.37885770325230517,1
0.4632521918949575,-0.5388672865737034,0
-0.02650300318922849,-0.1733286330716105,1
0.1696051141764514,-0.40020996297086586,0
-0.14039072092353633,-0.17005626965273823,1
-0.30643425850613804,-0.2033678044581102,1
-0.15948001866181516,-0.3999278380251905,1
-0.46891151966466416,-0.49947588817325494,0
-0.7961138097123626,-0.3039888454193689,0
-0.4387012927964373,-0.348222454379409,0
0.6136284647909895,-0.39145694154495403,0
-0.39317952442197146,-0.08403213814957611,1
-0.023078184992941675,-0.6871209650759316,1
0.04774520016774586,0.2174986708203237,1
-0.39935429577125225,-0.1853496043049001,1
-0.48427743096356646,-0.44042203597900953,1
-0.08433910411329426,-0.4703068784740838,0
-0.581602959205618,-0.5142490496496128,0
-0.8748168824465465,-0.5553362806496044,0
-0.4543886124126517,-0.30622494076475093,0
0.8149891681341279,-0.3816543311496917,0
-0.47845576774913845,-0.3356585171846995,1
-0.0014884382718792777,-0.7032246641640487,1
-0.25508158577005313,0.10660625674961222,1
-0.48199764863961403,-0.30852796494183876,1
-0.4857485771563156,-0.3793457324466847,1
-0.11792152689268387,-0.4333235298776822,0
-0.3045739371459869,-0.4997330892895945,0
-0.8948873409865337,-0.2814170320773093,0
-0.6309174937261404,-0.28257104350200746,0
0.5900485768184525,-0.16450870720801036,0
-0.41115097104990117,-0.44600353471421605,1
-0.12339316210003448,-0.6548622692715003,1
-0.029390683583804478,0.3341083039669037,1
-0.49045351616834176,-0.3333151385181953,1
-0.5729500470179354,-0.29038926307018187,1
-0.03478453284849903,-0.46377921623433505,0
-0.4895554077484824,-0.1409445408235772,1
-0.4920198596679579,-0.4450506757190158,1
-0.33830661468129886,-0.18776268667745533,1
-0.02215596178101109,-0.7399859623564864,1
-0.5644414695031297,-0.36346971658929683,1
-0.09017152321888922,-0.40385893836830344,0
-0.3468377296433003,-0.26411028674563497,1
-0.49603078165594905,-0.2735258377316916,1
-0.4667309419595188,-0.3726599247841056,1
-0.29579176932579987,-0.16681487165227604,1
0.5334501125258138,-0.07651865942602276,0
-0.45584083341108295,-0.6085522056870021,0
-0.09240633557377165,0.17198437725878324,1
0.0665269464001037,0.4128922689770471,1
-0.49957522416674427,-0.37924477665533185,0
-0.6626093164525584,-0.5467009648266896,1
-0.49565982039521483,-0.6192688478109942,0
-0.9250811838384604,-0.255333113930837,0
-0.14286613947941462,0.1565003941882832,1
-0.49406580281810475,-0.3141849634991559,1
-0.6781318824700566,-0.4264099118273902,0
-0.01910253160395836,-0.4617759831508864,0
-0.4268776909020824,-0.5860907906427422,0
-0.6444496770699644,-0.3228848896182037,0
-0.09272965200394645,-0.6848444766223964,1
-0.5232115383860648,-0.31870731253892104,0
-0.4542311464349005,-0.2720946661058705,0
-0.06931442520694742,0.3633048892701747,1
-0.28684496594954656,-0.3604926126026592,0
-0.4305623554764253,-0.5183336148111317,0
0.4387280382958798,-0.17701468661907704,0
0.023701407823609744,-0.6927940747608792,1
-0.044273210452818956,-0.7230628055265529,1
-0.09033150185653127,-0.6665112354422568,1
0.5390385465397072,-0.05696839504675266,0
-0.4067876903064559,-0.3803087570442759,1
-0.4653474751221457,-0.5397199764231347,0
-0.41379842361568375,-0.22316065733238022,1
-0.22391500074022042,-0.4463604109213867,0
-0.5091834282398363,-0.3676117774142468,1
-0.41110253642283856,-0.33043011917977894,1
-0.7126908326554944,-0.33869861354592357,0
-0.30003830608445914,-0.12139938236842462,1
-0.651783281618639,-0.3773510025150171,0
-0.05721280669501272,-0.3244462122979599,0
-0.17466095461058095,-0.5766526116549373,0
-0.47572658674232804,-0.6078688133320468,0
-0.1370200626535285,0.27487033061481037,1
-0.09231309182462899,-0.7094337218385607,1
-0.11988967159834651,-0.3909822483171099,0
-0.9356688952209168,-0.3085400654790208,0
-0.4550914823694362,-0.5276850537665123,0
0.805519576011809,-0.5078159654974224,0
-0.009876556794478963,-0.6979840533775699,1
-0.5034637136891195,-0.3332828455568123,0
-0.5007916509489844,-0.5498145345599923,0
-0.18287244228498767,-0.3785563984135347,0
-0.3051066018780355,-0.3886781459345817,1
-0.35684902311650946,-0.45029229322400277,0
0.012239131443749773,0.2727004942462621,1
0.09085119442812517,-0.6247610956565508,1
-0.21722625883384183,-0.21086819313746474,1
0.6930353252263657,0.12219044695882575,0
-0.4502540582628928,-0.25007764657597875,0
-0.41382526241332684,-0.5684927253083536,0
0.6047874235742969,-0.09558134361922432,0
-0.10837605141482443,-0.41255450238003544,0
-0.5124372341338532,-0.017933558734793742,1
-0.4751999741879326,-0.47750825763898586,0
-0.05836918977070171,-0.727454376858057,1
-0.6508177459940554,-0.40367271567453256,1
0.04481963331797867,-0.6579909383425122,1
-0.46821968630363786,-0.5781748798429514,0
0.09022695920670287,0.552608586294695,1
-0.36167329696966943,-0.32958050600653166,1
0.5714862797298863,-0.24095611782228543,0
0.6972791484643437,-0.0035346013499220064,0
-0.15936413550216078,0.2759271140614057,1
-0.5909717883708444,-0.29275565994238295,0
-0.510982371966644,-0.45110370709707337,1
-0.5305962001897239,-0.3032028739921028,0
-0.9338344013594756,-0.2908360580287175,0
-0.3217776996136055,-0.447396522002656,1
-0.10321114616513105,0.1721747987608031,1
-0.3419818451898611,-0.341063988237005,1
-0.6326061778238905,-0.24095768848434607,1
0.6226871040466466,0.5267810488469669,0
0.6194717990142082,0.12479052361544074,0
-0.39684453029170863,-0.32362858610481693,1
-0.23955122192862077,-0.43725617610280076,0
-0.30853203726623746,-0.17459498924283878,1
-0.5957760480948389,-0.2969355935075034,1
-0.4665098803606189,-0.22877719681083997,1
0.04269952039989722,-0.3721064340938215,0
-0.08443257931526715,0.04681916989658941,0
-0.8276312458597677,-0.48433492856452065,0
-0.5086725637934124,-0.1510131521540291,0
0.5396290367879766,0.18349451637324266,0
-0.25613632033233924,0.15498003701833785,1
-0.16536203975536856,-0.751068623461099,1
-0.20685899884395453,0.25161433986677584,1
-0.13953493876700018,0.01358906530617432,1
-0.4111995377172182,-0.12434051749512898,1
0.017174940224279123,-0.5395522894730711,0
-0.1430712647974819,-0.14029039948977695,0
-0.517312263572169,-0.29155760560896904,0
-0.5793362838659216,-0.2566408305466169,0
0.7812151474025342,0.3296235228618767,0
-0.351647268502285,0.18355406286109033,1
-0.05489382100984774,-0.7603607696205251,1
-0.12613894427699346,0.2900500185064654,1
-0.46444860813439537,0.09286871935694063,1
-0.3166529396611729,-0.2515913958461914,1
-0.11339734575099003,-0.6243256422710649,0
-0.2148034195189671,-0.10575560867008338,0
-0.6754008409546159,-0.3267583324021178,0
-0.5370583043690997,-0.08393103844006788,0
0.4326375523621031,-0.1094093425033481,0
-0.10469332378091245,0.00017805304381579568,1
0.00586394929249856,-0.682703824659762,1
-0.1481651037466405,0.1555978391939703,1
-0.48583348082663946,-0.24574775484647338,1
-0.36755377080379825,-0.3137812560582188,1
-0.1596148362015546,-0.5264778353667456,0
-0.2647866933708658,-0.01199683605280244,1
-0.13533455954545315,-0.034828391397894065,1
-0.2270420939418223,-0.049120414003251844,1
0.01654069978250905,-0.6349113889680287,1
-0.03484679997715601,0.012780395066852579,1
0.066590215879065,-0.6272968729799031,0
-0.45139813673340856,-0.3637592396721929,1
-0.4736510685000591,-0.23956407103117705,1
-0.20547830268157563,-0.056030320997334515,1
-0.2421646388882056,-0.07781254930150383,1
1.0,0.4137376574983793,0
-0.18704333046567478,-0.08623584084784863,0
-0.23843958670843912,0.2782117881462345,1
-0.19715046944980996,0.10821819153016565,1
-0.5073036508533622,-0.01765454843899039,0
-0.3543214301936638,-0.01575194767808663,1
-0.1538352367689384,-0.13048213264708763,0
0.018284412825061658,-0.6003794716678531,0
-0.25375628256051475,-0.6326418580035109,0
-0.23070091194853415,0.2650841711455061,1
-0.49001148705522746,0.10146479193774915,1
-0.597289380985099,-0.12757705311489553,0
-0.08187268821436211,-0.5355478133863385,0
-0.024284627861950292,-0.2422712711015027,0
-0.5887095470366872,-0.2842041971131396,0
-0.0704820067632902,-0.6015059431212948,1
-0.806542973856009,-0.21877838169911779,0
-0.5421350886496658,0.07488805374316065,0
-0.3028160006962718,0.3285852562397049,1
-0.7241886291374086,-0.2517273955394016,0
-0.6999676636676,-0.12948632320672648,0
0.3753727886706981,-0.031662751154595936,0
-0.15492597396303753,-0.7719214319412976,1
-0.02843559872402146,-0.6823662691940378,1
-0.10759229990322394,-0.923060435830847,1
-0.0129580278347311,0.11711690157863819,0
-0.27087095891237845,-0.34092234476519756,1
-0.214793043910955,-0.0640500119171179,0
0.05185670765411099,-0.0750237683483519,1
-0.0932883430306144,-0.4288936140949948,0
-0.4287495330511679,0.0460043974857729,1
-0.3576836440435357,0.09065177147061676,1
-0.5673397449518416,-0.32444721753022054,0
-0.4635008385358055,-0.12654550743920612,1
-0.6112831033576729,-0.09023848441489057,0
0.09796439610935126,-0.6050701717287703,0
-0.018682578251177806,-0.6891580342156085,0
-0.19271421412797607,-0.15793763756443402,0
-0.2138913310941991,0.19804083445631715,1
-0.039222396576883534,-0.8459179420967515,1
-0.669721859362766,-0.20824672935749744,0
-0.8788189294446647,-0.41808278269655885,0
-0.24054516216821153,-0.07171298069124488,0
-0.12525351435199183,0.21548184937876314,1
0.3538685480271073,-0.03980311300023953,0
-0.13536141981855154,-0.863468810140225,1
-0.6477556539369826,-0.099095276951923,0
-0.2674433018532113,0.024027981477060756,0
-0.18910462984199639,0.33245654236338074,0
-0.3761056573810103,-0.45861212568046694,1
-0.15460034391622668,-0.0548729313025067,0
-0.12360901358753085,0.11710856293547978,1
-0.1008091857956478,-0.692502067667849,1
-0.37731194501705934,-0.1066539452890547,1
0.3569490797348638,-0.018345749976493853,0
-0.6400810926636871,-0.11858427101284508,0
-0.12359146317380532,-0.21353406381288897,0
0.3915754887949561,-0.19330403740662272,0
-0.01660979347480307,-0.3871758531302524,0
-0.40326640104976885,-0.11721414185059775,1
-0.7449362242353713,-0.1025314036371312,0
-0.07178841535182112,-0.5907538344926835,1
-0.39084729512364946,-0.16354269077697114,1
-0.04373631928708521,-0.7403992615540503,1
-0.21344366537701354,-0.15187222560025948,0
-0.20552677120173557,0.5874095073627015,1
-0.028377074603513686,-0.31942730155125176,1
0.4981449610068498,-0.34718667984211815,0
0.39511997259059095,0.003583234539876523,0
-0.2472126772434725,0.08556113462134896,1
-0.9007939546482503,-0.38735962069332985,0
-0.3522074457320774,0.018981406020109892,1
-0.45992561598512605,-0.3515551554152194,0
-0.48596848432967676,-0.3698849747644707,0
-0.3237505969714638,-0.003806559995163883,1
-0.2536602847933457,0.4369965168625918,1
-0.4008516537544007,-0.11471685825201527,1
0.019175489004756407,-0.22979398983299315,1
0.4137459941271313,-0.20398400395737504,0
-0.3891388919074863,-0.22062113849709308,1
-0.3094128144547542,0.1462211799910511,1
0.298497215461067,-0.011548527579104517,0
-0.2033627817799083,-0.3344736431006051,1
-0.046033156227230365,-0.6004769264515417,0
-0.39146850940241307,-0.06752613855706957,1
-0.4079851653730606,-0.017850289708008726,1
-0.46661924991375825,-0.15188783103227999,1
-0.04561750427413647,-0.4043605400802035,0
0.040264575192208385,-0.017029653395118416,0
-0.8894365827714233,-0.3551838561121925,0
-0.7061321093804767,-0.2971981213917577,0
0.40638877004983054,-0.21474430470400796,0
-0.21424044240730167,-0.36924062769531696,1
-0.20733255040105458,-0.6669003724030493,1
-0.23204987731321491,0.2836891063021143,1
-0.6414727783243916,-0.22594648972276432,1
-0.320243459071898,-0.3109076147883145,1
0.08944637282147339,-0.30966759165549307,0
0.13603665943156074,-0.04372334489072993,0
-0.7280029258552978,-0.27650531091903174,0
-0.525997373787872,-0.028359364504399576,0
0.6233791438714669,-0.35212253265321314,0
-0.3991459447983645,-0.33879584918700156,1
0.012423503718110185,-0.6667637500374288,1
-0.08221804620813955,0.35933793892472576,1
-0.4104767348939694,-0.08729888728977098,1
-0.3473550375096488,-0.5990306442211822,1
0.05764404790260058,-0.3645328919143014,0
-0.14288638454225033,-0.15837192867036542,0
-0.7335841740291111,0.005165897116504503,0
-0.5671451313540546,-0.15206860550441625,0
0.31748219978183023,-0.29361077655223045,0
-0.6890361590232947,0.1376298788773338,1
-0.037292764731287065,-0.7285216317835042,1
0.06255442424729885,0.5422499297708789,1
-0.4646874966577964,0.1011843103352903,1
-0.19661724082027587,-0.25133605841611983,1
-0.09139730006255264,-0.17825945883045857,0
-0.4030349896192371,-0.2103826485760758,1
-0.28756901291757253,-0.09603582565000113,1
-0.5176946735329319,0.2439140979665344,1
-0.10412642008512496,-0.9089003028363726,1
-0.65221542196674,0.21557418591179212,1
0.12832684098153235,-0.2691676617682879,0
-0.26544861130737873,-0.144209557616656,1
-0.47788360727099843,0.02636994950181326,1
-0.48039702781349336,-0.2624400264090161,1
-0.2992802360200584,0.08110998042983342,1
0.612519656782478,-0.34367633853528634,0
-0.22808016485305005,-0.04150612174304691,0
-0.25843478230715733,0.1999262012677654,1
-0.27586875636565367,0.3269526323848331,1
-0.5288600770040159,0.4809183547788194,0
0.05428687350660821,-0.25546598714061175,1
-0.0424919997204799,-0.03721938670064118,0
-0.08367324294760858,-0.27865872217084975,0
0.06115169812677368,-0.2282246944446633,0
-0.7686695474924232,-0.14188469630242684,0
-0.6610173155785095,-0.15942082413012582,0
-0.18937214469093677,0.2326798058296511,1
-0.3555346606441663,0.04281743405278626,1
-0.9334480408872154,-0.2964647650155199,0
-0.04658265883961055,-0.2516292567028249,0
-0.21364584608079884,-0.03940519305598433,0
-0.8619218279242672,-0.2165407449875172,0
-0.04558495028976706,-0.8086183622346648,1
-0.5407301866617944,-0.09312286568574968,0
-0.5791118647868763,0.08138187998087831,0
-0.15121611371128696,0.24385189625174664,1
-0.4770705036741033,0.16951536978848702,0
-0.576833549050771,0.08367964966655395,0
0.5049862239226843,-0.5419560223331403,0
-0.050375229086539575,-0.7036782412019535,1
-0.05882283499969476,-0.7499401626560047,1
-0.06466675470365901,-0.7322792503742344,1
0.5724933865006003,-0.19831009796465981,0
-0.2976305914338,-0.2951842907676504,1
-0.2531754974013296,-0.19680865729232333,0
-0.17584488777010365,-0.012244837883595316,1
0.07497745790536348,-0.1958975627737044,0
-0.20835058015485064,-0.029429559779917236,1
-0.35652149259850907,-0.22020344031576278,1
-0.8819608249649731,-0.1324864088441835,0
-0.5623695041952442,0.1884753694207315,1
-0.6125792561878395,-0.06961892100052425,0
-0.06150867436392482,-0.13317888447750414,0
-0.012248781609369597,-0.1884026235004036,0
-0.24922697480034994,-0.025345180154897617,0
-0.3310897476639276,0.2087253896936454,1
-0.014174099927293238,-0.5919873028405565,1
-0.6691886443645059,0.2666221007511618,0
-0.7405857738463197,-0.1120126529909028,0
-0.2402706812899419,0.012156706787787686,0
-0.2760376158793296,0.10107523847343236,1
0.4736996359294441,-0.2686330450543247,0
-0.027663911656871765,-0.6695476082479379,1
-0.4530756396542064,0.04323594548695553,0
-0.2055274373390641,-0.089000660793767,0
-0.7768759963982422,-0.29305469232976444,0
-0.43709558157875217,-0.11921395021853498,1
-0.17541785873423243,-0.15778039758796125,0
-0.2913404908332329,0.141875628795175,1
-0.05529699040328839,-0.7308562097902215,1
-0.44849785991240887,0.057978642130347424,1
0.4882823769024893,-0.31425883600845905,0
-0.5543217102635014,-0.15681071731698226,0
-0.1759904014423167,-0.2979684640244966,0
0.5244605670630327,-0.36565524057856447,0
-0.034458056714499974,-0.4340487148021366,0
-0.7626682392446236,0.12433269319311524,1
-0.7694577831966785,0.307112057592001,0
-0.04910528257095359,-0.6566260571370136,1
-0.4400958431899715,-0.03300757013390743,1
-0.056570426877778246,-0.8943037966193694,1
-0.2252429551511793,-0.38598378396385813,0
-0.31916533076204556,0.242726908126371,1
-0.43931761730557894,-0.045256232806191066,1
0.4822008371293989,-0.26845356642744145,0
0.6834722107841908,-0.26864562607204845,0
0.004410594533865719,0.4906029393436535,1
-0.7507040691793521,-0.3928865674667634,0
-0.6583449863401267,-0.2897599699405681,1
-0.8384354794960276,-0.23509893699776918,0
-1.0,-0.10828284121791298,0
-0.4537575765146302,-0.12084650724521351,1
-0.13115631678761164,0.6101618094138808,1
-0.3941318758839648,-0.036268161529691256,1
-0.8324219870629758,0.15224655196032844,1
0.5056341792892556,-0.4310419635241113,0
-0.37622128273254685,-0.004013942916312518,1
-0.40420345138651215,0.012424071900113631,1
0.16084436683959558,-0.23082700626655595,0
-0.38475365120906035,-0.22181921800031723,1
-0.03790042939596394,-0.04903298354328711,0
-0.39377419644221456,0.11953820333656462,1
-0.2507973450942361,-0.03100919695840143,1
-0.43452301694434614,-0.08429454900397737,1
-0.039381806693648436,-0.5905525832230407,0
0.08448530214101924,-0.043868902228325624,0
-0.39335897635507244,-0.1421972954549332,0
-0.8875643815950246,0.0401841676541439,0
0.34431979386809064,-0.4819256489849676,0
-0.2935241893038988,-0.2956574854249211,1
-0.12471672772776143,-0.7339039656777389,1
-0.48502632446975147,0.1605532987902918,1
-0.28901977055296457,-0.11996882038420031,1
-0.506073439554233,-0.44088335534699996,1
0.1475900669683623,-0.48705381229642475,0
-0.09952750322524562,-0.10056760845367818,0
-0.45059134481128693,-0.43703093932432235,0
-0.43342264808417796,0.006205933803941299,0
0.32027719338113103,-0.5633834482654,0
-0.664042459344953,0.010405645450976664,1
-0.18762391977467163,-0.7268077911212898,1
-0.2032795237311713,0.3029607498440643,1
-0.5299389277218504,-0.12496152555502027,1
-0.4409084853757943,-0.2299066642809704,1
0.06263342960940932,-0.6110189420098965,0
0.14078792519226946,-0.04684400392074928,0
-0.3439932299829729,-0.06740581339328133,0
-0.7164827378078602,-0.3138759394009458,0
0.19274657343921842,-0.3831293777482119,0
-0.1196686989154011,-0.1601477276560186,1
-0.1703476988627296,-0.969536683118868,1
-0.3024946261205863,0.3376548523014107,1
-0.16501167796919392,0.06761984100331264,1
-0.4128583193602269,-0.16182967853197971,1
-0.05920870536166112,-0.6448768501781288,0
-0.30770357768549284,-0.19002232404416508,1
-0.47142614535934246,-0.17007768480153596,1
-0.22815459541318173,-0.25504995650051165,1
-0.14937967275169106,-0.9026063445478297,1
-0.374856054278474,0.018637627178585525,1
0.08153999234241383,-0.3019989288327247,0
-0.2526971697668412,-0.28394951388552336,1
-0.2396130083389798,0.043573177265444185,1
-0.25967168751375136,-0.19958672006316114,1
-0.21284271447638892,-0.07908145475010242,1
0.43462061290046927,-0.44349977470829727,0
-0.17955971779223334,-0.10875446485106288,0
-0.19568833230651483,0.2655891732229734,1
-0.35058996544332777,0.22839791453581015,1
-0.5898443444228362,-0.2673831879737636,0
-0.3169876796561958,-0.1606611238033877,1
-0.24407015430449908,-0.06241746465449438,0
0.129259657568914,-0.5453366114011944,0
0.1319992656774771,-0.5051223501003607,0
-0.49226542559788256,-0.04625119096481922,0
-0.34884276483014476,-0.16937057524062404,0
-0.32313186773742275,0.2610486641899261,1
-0.36263622255640116,-0.04942915835044026,1
-0.4269399391918901,-0.29172425078342223,0
-0.0010324475790839394,-0.3939351646176311,0
0.1596939427875379,-0.10316068842487691,0
-0.45801119020361003,-0.1715817445124206,0
-0.01354957024480985,-0.6377053335756704,1
-0.4495574222890981,-0.06547600189814518,0
-0.406811668452165,-0.09739194864370682,0
-0.21960216118990827,0.21335937713044917,1
-0.5347672954466417,-0.21273694259368403,0
-0.5679931448244483,-0.30593904024349705,0
0.361369562179261,-0.4795195301939853,0
-0.059804768206952574,-0.574124419166867,1
-0.023312931599159037,-0.6088700222894952,1
-0.05579577210040032,-0.6453203301831553,1
0.5119350847665769,-0.3488217113993204,0
-0.2044078921411817,-0.27790957522620874,1
-0.25347894361717815,-0.05875866756728587,0
-0.17997157338816616,-0.42295139027661155,1
0.07352543292898628,-0.3473362255389345,0
-0.40527850464917226,-0.21183625893541613,1
-0.07132669805100988,-0.3469678178667971,1
-0.7714627566716644,-0.1843015258929579,0
-0.2450716817241011,-0.2374054042948135,1
-0.27599387816299803,-0.28007975384163,0
-0.048502915253823,-0.37975227917672816,0
-0.08084293392612107,-0.5202739460151142,0
0.08172429593403274,-0.06834201326171585,0
-0.350515410724916,0.29804712547557344,1
-0.027511674955015053,-0.48339745879494944,1
-0.6149764682705159,-0.201119036461179,0
-0.5515846041652268,-0.3205070102062888,0
-0.23060927235291173,-0.08989547706654966,0
-0.390507644666497,0.028434937799137305,1
0.46143964371420854,-0.34422991603404984,0
-0.13309730422942712,-1.0,1
-0.5947873347141003,0.06355236520910301,0
-0.24529986789784153,3.291455265830301e-05,0
-0.6692651474352106,-0.267307508716761,0
-0.38004104233491665,-0.3346145541518112,1
-0.24821145409441758,-0.15619932530349478,0
-0.13386921005208474,0.18315095307454343,1
-0.10509293149201804,-0.5617540874610754,1
-0.3885385142002683,0.015541717441995173,1
0.3667601808896599,-0.4679295236146701,0
-0.46071756081936766,-0.2842424785215877,0
-0.22117766576363562,-0.14082833540191875,0
0.45880427532197965,-0.2681242684439399,0
0.03385263250806503,-0.5139765486223598,0
-0.12600796951580595,-0.17886448121843546,1
-0.7008457010461169,-0.22645278387659284,0
-0.06293999824493379,-0.5596946775073683,1
-0.2759542644152396,-0.046951518256489466,1
-0.03328694476201499,-0.7298982561184222,1
-0.18661792358196716,-0.1777156316488162,0
-0.3421782984393996,0.07553642441988129,1
-0.31489283824222725,-0.04442901943780442,1
0.4786569009346686,-0.523005516454041,0
0.4854610187120354,-0.5057867712474986,0
-0.04716469046107452,0.32058939366421524,1
-0.49885666884828583,-0.2660516328062139,0
-0.36734803182325104,-0.021593808766959488,1
-0.5706350040049022,-0.2770322870888069,0
-0.6445402313413993,-0.2713647902473656,0
-0.17839196614832198,-0.4238041822856794,1
-0.177898773385185,0.2593608430889227,1
-0.3586613813626065,-0.016892876713277993,1
-0.48064438631512607,0.05482084460333114,1
0.4780937555168101,-0.44717433524533856,0
-0.24769879375982928,-0.03478963398872015,1
-0.31972131154112315,-0.13063500496331926,1
0.5481050308775375,-0.3839058362983395,0
-0.11402951157093111,-0.06230171611774815,1
0.11437585739976597,-0.38641018593743204,0
-0.32290501894672363,0.03529054333927695,1
-0.1099855236754772,-0.38472515262455753,0
-0.014691414601304742,-0.02555816531884314,0
-0.704303670895267,-0.43350371787506004,0
-0.5037971165454352,-0.293708714220956,0
0.20457822280172588,-0.3674322889857017,0
-0.37658272616978505,-0.04752969500435156,1
-0.043368632256034156,-0.6997789622418606,1
0.10040045651038398,0.2894152036921902,1
-0.31906460908740764,-0.1429173280452437,1
-0.3988259760398368,-0.15699908053737444,1
-0.09894803595212764,-0.4056661161994116,0
0.030603800789054558,-0.06572822656950739,0
-0.8178925405800552,-0.43033570412488453,0
-0.567113250748969,-0.3287859386303922,0
0.3552878147198695,-0.39174201299252587,0
-0.34223114849782343,-0.29783374780637795,1
-0.06518269829911483,-0.7158024005461091,1
0.1642060367343119,0.4483714706877828,1
-0.22981570661736705,-0.0830130311890962,1
-0.36138760121134317,-0.13518294263192443,1
-0.00016201860679110336,-0.38309687578999796,0
0.05401380230651509,-0.0433291629543473,0
-0.9973961578691629,-0.3946714562665463,0
-0.6297413330627383,-0.24200229764468295,0
0.39093053826589497,-0.30598962549868347,0
-0.4385228209622114,-0.468080179655044,1
-0.07306749349519348,-0.7329842203343979,1
0.04612619057315781,0.389461865834565,1
-0.330038077757867,-0.25524311627590923,1
-0.4711894801488421,-0.2368309599661751,1
-0.04773495305665254,-0.5193895730135791,0
-0.5860235152468171,-0.23924294358894982,1
-0.37622260213308056,-0.24569142584278336,1
-0.5134281570756674,-0.1728733533422836,1
0.01383584743585442,-0.5871123941975132,1
-0.18531477228071447,-0.18482376535326772,1
-0.02901041346357125,-0.5159300553837642,0
-0.3210955359932559,-0.15576987609954174,1
-0.12886894332194743,-0.0865838701808922,1
-0.5788535478275703,-0.2699222589587712,1
-0.14802721544635344,-0.06209525522463222,1
0.5275617283370932,-0.27823637835284265,0
0.15600867219816061,-0.08832689005085625,0
-0.09283468451988741,0.2831834508657025,1
0.026031718073166177,0.03772302250349302,1
-0.549284453027745,-0.21451143516662874,0
-0.42728542343129905,-0.27476803444196474,1
0.09684246188475787,-0.066376768893053,0
0.016599240215411815,-0.46976930271139294,0
-0.06949782470465171,-0.4566909262576666,0
-0.8781472468672317,-0.15870770373880028,0
-0.7313499012155942,-0.2895483862354383,0
0.30774051199506625,0.5702759277102307,1
0.13829273525428287,-0.08043384398094566,1
-0.9620141268082207,-0.19219738890793203,0
-0.10419484830191161,-0.622809473012645,0
-0.0240988747800589,-0.1993765938224108,0
-0.7848413099244862,-0.2574996665064395,0
0.01988472132737895,-0.7749152363620786,1
-0.7020399920484967,-0.3509252108116555,0
-0.5624554917450199,-0.39020954087909054,0
-0.02686448243454498,0.3706825535736944,1
-0.656310428264026,-0.2523319935492022,0
-0.6308911468403055,-0.17716091106921128,0
0.3124681058445571,-0.38241984392017914,0
-0.027652201139053756,-0.6984398348780151,1
-0.06603040687193285,-0.721366520023198,1
-0.040505974031950776,-0.8108703320641335,1
0.4351300091917567,-0.289860439628124,0
-0.49625821155010574,-0.3249057706469618,1
0.04497849261152287,-0.1251224290123688,0
-0.19036081477320554,-0.25509457179059813,1
-0.04736176894033195,-0.48481547052033924,0
-0.687339589711078,-0.19113510602989803,1
-0.238957823211289,-0.24043090100448905,1
-0.8690502032516871,-0.28123503044988774,0
-0.1240169365885101,-0.011803985681993145,1
-0.9608282381632149,-0.270806991765831,0
-0.09560132077865857,-0.61723164527241,0
0.0350569486764678,-0.40391690279301395,0
0.10734667884189908,-0.08628671792351161,0
-0.05554797140546175,0.21499595511067326,1
0.07784710005724804,-0.6997441369910286,1
-0.5843459059278787,-0.24849593527357405,0
-0.8979063393112161,-0.38639781969727705,0
-0.014855476000832368,0.004283459404983869,0
-0.10166740061689139,0.19579903147680056,1
0.41924981914851345,-0.370560804957732,0
-0.02262744729386179,-0.73835321868265,1
-0.5690939948977841,-0.16465619781816743,0
0.04476540429170339,-0.08107970698535316,0
-0.5920510901589375,-0.2347551357974984,0
-0.2783242913157906,-0.16907745640294325,1
0.019764978098551378,-0.038626693652185184,0
-0.036636240164946376,0.25620510177547384,1
-0.03027142230255342,-0.7273177183430819,1
-0.10460282433466861,0.08337605797048298,1
0.4350754747224086,-0.29258116829413616,0
-0.4638015063082215,-0.2911697367533125,0
0.13044974901054274,-0.07544401302162984,0
0.3328404513945089,-0.31039213079650885,0
-0.06235479960898416,-0.5636898690651702,0
-0.3652708116319955,-0.16882761181861172,1
-0.6103142937224291,-0.19618637006305162,0
0.03618824278738497,-0.726126587851815,1
-0.6378275483177287,-0.2704468006372288,1
0.039224180356499216,-0.7164395716805391,1
0.06558847327149708,0.10724484067184159,0
0.022388120497642827,0.26126921676547266,1
-0.3641544480933172,-0.33656642363310074,1
0.4506439087571463,-0.3886943347008941,0
0.2257769575002886,-0.207728969165898,0
0.06236292694323131,0.3697241642959801,1
-0.9537340159335855,-0.2691586194715646,0
-0.0023058045781781944,0.03549111271051175,1
-0.68749618644973,-0.09283193677561041,0
-0.7615123731356647,-0.2304763876651602,0
-0.288330147600256,-0.30080496642141274,1
0.06005674129481142,0.29747037000972676,1
-0.44627620146281155,-0.21648523361021543,1
-0.3815341728771696,-0.06121204892099186,1
0.37602293063657877,-0.3845682269194244,0
0.0022303202987792314,0.013999346812242575,1
-0.16990038047867106,0.084780732510362,1
0.4119878162884767,-0.27141446195837626,0
-0.1929418597382334,0.10221623250944534,1
-0.017455547100450164,-0.38454131550902726,0
0.07013683788342284,0.22619449805556724,1
-0.28416563532323647,-0.006706800199947405,1
-0.11275258152759315,-0.04759086397212087,1
0.1344378026672146,-0.48248045330080824,0
-0.10444628932226674,-0.021663064932736176,0
-0.43447198564291156,-0.3677848493383138,0
-0.3561123890253459,-0.021336873516428878,0
0.26960345884462567,-0.21936100871461195,0
-0.3315041121338863,-0.06866627943796899,1
-0.05543063656889535,-0.4150479616206173,1
-0.6030562260826505,0.09265372605708588,1
0.006424411760001858,-0.21535950231937628,1
0.20012896983466866,0.08432380272464668,1
0.0572209267996453,-0.5001292523912879,0
-0.2328902174083507,-0.12489287826148043,0
-0.22105707363511595,-0.2934858433711782,0
-0.2916079767033576,0.17027873053998688,0
0.2558676982724566,-0.21806069417667473,0
-0.13675407119124328,-0.14841441970442337,1
0.03748285056103606,-0.48427902596933436,1
0.12879586765815398,0.4324518575732945,1
0.02122574613009176,-0.40030473698183955,0
-0.05624028578281426,-0.24325132190268195,0
-0.3501100199021301,-0.2414579806684789,0
-0.5937771606057773,0.03029992400483361,0
0.18552765490200218,-0.23406145439324677,0
-0.3129994852643764,-0.0009865991701737409,1
0.054071617061723476,-0.36509747676500914,1
-0.3603275165500288,0.15497841408333302,1
-0.20376479741121623,-0.1157982965307286,1
0.47386397151635573,0.8659382531472657,1
0.16045110053566614,-0.25816859414667215,0
0.251762703735098,0.41277685796271135,1
-0.43724720414774254,0.06565582275935844,1
-0.7778574736516638,0.14311374848493053,1
-0.06119377374181201,-0.6722475949520967,1
-0.14657400543555488,-0.053893296200609786,1
-0.00685404737318851,-0.5284424128618807,0
-0.005531913124957599,0.2430971339106458,1
0.1872380054766991,-0.056963772979074956,1
-0.40420125402603957,0.20825486489681322,1
-0.03707852392703914,-0.22047026510216072,1
0.37032078273462576,-0.2595418486501633,0
-0.19238050780872606,-0.052527833366450616,0
-0.15908905553477837,0.14833928719163225,1
-0.43127703725885214,0.04911748732402632,1
-0.5941169385333742,0.2834579484616446,0
-0.5949566970789112,-0.05584385571380446,1
-0.17958449937860832,-0.07823360045039884,0
0.07455588542476255,-0.4382778290783741,0
-0.06772026091750838,-0.23530964751123518,0
-0.25011219510825167,-0.3685226569524074,0
-0.9532290466550305,-0.2554597442062462,0
-0.2144613008327334,-0.11974614224561697,1
-0.23805235933388869,-0.09772240764223494,1
-0.20391678281873094,-0.2702330462057776,0
0.09772270388662796,-0.5543397936603864,0
-0.045768880283460156,-0.12217839689113041,0
-0.7530864530500234,-0.3987695134849648,0
0.0072824917432186,-0.5425792011786057,1
-0.5591382370829705,0.13925994039078837,0
-0.5643802827022096,0.3141815178838512,0
-0.5650406784320257,0.10225560990655769,1
-0.3450205263466992,0.1817784460544909,0
-0.4575185105475349,0.11574022255749261,0
0.11097411062772422,-0.11938251489184004,0
0.04845510931161745,-0.6252231490236381,1
0.08523883978867652,-0.46169830320430505,1
0.033443850314070156,-0.5904704965882255,1
-0.4256949062032458,0.03200413912572331,0
0.14235793041692402,0.23897143804512488,1
-0.13166158879533296,-0.15102573293274157,0
-0.39924520415944764,0.016711262184360143,1
0.21160883496403216,-0.4874824990445594,0
-0.2908690507898144,-0.3547697770481264,1
-0.1320660006344797,-0.1827576543155408,1
-0.3706681377021893,-0.4039893107456086,0
-0.051698074241074976,-0.06674035584051696,1
0.09261747764313744,-0.5654919885086993,0
-0.16376469088626766,-0.12669012097259635,0
-0.14993031145311753,0.09357574111054401,1
0.031052868086441476,-0.5990333470708764,1
-0.5796735834411322,0.11218118639806995,0
-0.781966668485253,-0.31453223789355134,0
-0.1944197257069451,-0.05139068990547946,0
-0.42039147128695453,-0.11373070766724713,1
-0.30281313658197595,0.009436338922365284,0
-0.006164516160961031,-0.4684679839281044,1
-0.3421176852226866,-0.06162951088023583,0
-0.1594025953476116,-0.06361167858270667,0
-0.41392043737910234,-0.058054986526977936,0
-0.04026239348101135,0.2364772147873906,1
-0.17993510416419267,-0.07178592491488789,0
-0.6259475556983418,0.1873837451756981,1
0.025334494736053648,-0.6739820231856473,1
0.05699074313346131,-0.14442607511381333,1
0.3736738252910834,-0.3798655958360413,0
-0.45557274608463616,-0.01222090216124827,0
-0.18699231351575452,-0.018345154842883238,0
0.3046255284888564,-0.2540419151035841,0
0.20504723501080901,-0.41938791598377756,0
-0.3892797982423749,-0.10305607477864787,1
-0.42946827901150597,-0.09848272192201435,0
0.03439329110270717,-0.36551096329666066,1
-0.30728830497312287,-0.32698763003697284,1
0.01674925293414642,-0.3744178548369129,1
-0.1716210169183675,-0.0323523296993421,0
0.03678890642329824,0.10466123555130546,1
-0.38573295342694547,0.012431975806118878,1
0.31269287246120014,-0.2594710150964086,0
0.08401741871552293,-0.12515257747975417,0
-0.1501238122181454,0.04240950381811581,1
-0.5212641149963788,-0.5679301554945537,0
-0.42916952429060296,-0.10275335876952119,0
-0.14216036491029382,-0.15532692472892862,1
-0.5861688048809277,0.08202267563084109,1
-0.35164653219187736,-0.15692469777459306,1
-0.216777044294575,-0.10667647745304565,1
-0.4504863354751124,0.033562135904950496,0
0.39267456149755553,-0.2380183787808624,0
-0.4400079580257805,0.05124713350947885,1
0.08138862427573534,-0.32270064186833247,0
-0.03389829795427668,-0.07445022261694723,1
-0.09319476529279991,0.27347421085090073,1
0.051060085734477845,0.06438892422086218,1
-0.08211849032958485,-0.4918044531182476,0
-0.203598447785861,-0.28092576508017253,0
-0.7316040451982436,-0.2873871197194958,0
-0.3927676981319004,-0.2662552642890951,0
0.27968771602507725,-0.17236488288801954,0
-0.18629234601464773,-0.10888172163737198,1
-0.033448635046136266,-0.7173808729195575,1
-0.14601338011970755,0.3650188773106984,1
-0.4356156887685346,-0.08860479517584896,1
-0.49485195314251873,-0.2740495276166047,1
-0.08780259692924064,-0.5276943225272774,0
0.06604899020856281,-0.06112551671072486,0
-0.4047120301077898,-0.26401625771193116,0
-0.4234827962345763,0.01428176102680112,0
0.4619816842464448,-0.2966466118668588,0
-0.09494859346310203,-0.11948078794480932,1
-0.005336896320482842,-0.6540540963672052,1
0.18042525484637095,0.22456162219252973,1
-0.5084836398845021,-0.12488395621094117,1
-0.3788228693998582,-0.1659058711286835,1
-0.030978427465798264,-0.566597904039287,0
-0.19219719181973782,-0.2896418040120553,0
-0.4794897243642392,-0.12209138157248778,0
-0.582205911820321,-0.165652975823392,0
0.47800788055878396,-0.26838915569174415,0
0.10251001105932023,-0.20355299518693615,1
0.0720211184923727,-0.7131957549911516,1
-0.08030464072070354,0.3500182649205532,1
-0.3796358927277542,-0.2381220470408324,1
-0.3408929497347426,-0.2945769472989703,1
-0.031820814959910515,-0.4654254776573533,0
-0.2651419610712342,-0.17997710326409955,1
-0.1585672554457903,-0.1784475800506481,1
-0.027984200298308837,0.011124072678703856,1
-0.08955415013624157,-0.7518769408320574,1
-0.2565347967596666,-0.011409325457177655,1
0.1679848978149725,-0.46503558212955776,0
-0.40833943835397113,-0.07247427515145966,1
-0.2649816046366722,-0.3498916224086408,1
-0.377890567779012,-0.095158717404082,1
-0.48837774873454587,-0.07755243973474457,1
0.69232487762186,0.18831897971004863,0
-0.1763553716642351,-0.2427871821040689,0
0.10297869160372408,0.3617205804735799,1
0.12863910190615502,0.43685798876780035,1
-0.1976986978116222,0.46833853231061306,0
-0.05927214542585113,-0.07145826216614659,1
-0.1087526864714401,-0.10119557866702622,0
-0.020782441009396968,-0.4315192314094607,0
0.04283752755651671,-0.4507162319872572,0
-0.6096656383347892,-0.5033594103498165,0
-0.9941276724856233,-0.283881658285166,0
-0.06192993700946414,0.078504545317297,1
-0.37974782419222886,0.08036372291320126,1
-0.82484881124729,-0.37092013529728485,0
0.03432418853245345,-0.35349451289003264,0
-0.20819470983061394,-0.149579593659933,0
-0.7030354925116854,-0.5108209122040497,0
0.05485982022284008,-0.647145005371441,1
-0.3091489892148872,0.11013985151815309,0
-0.231022994102426,0.2399059881058041,0
-0.019752713380611575,-0.012251078353097244,1
-0.12543019681769896,-0.43677070822254316,0
-0.32676452955595203,0.21746817694107756,0
0.6456078739175566,-0.03854293804770392,0
-0.03749873210335075,-0.5907661219910694,1
-0.0836710782979514,-0.6865318675614944,1
-0.06824034435887671,-0.7596751798802038,1
0.5289665742449285,-0.3179305468935022,0
-0.4590234900363048,-0.3227017281492738,1
-0.17904257937293866,-0.0803995014431188,0
-0.10873210105191922,-0.058817049336550076,1
-0.009593595103299046,-0.4039418994018059,0
-0.4172829936139081,-0.24855965997837237,1
0.05137612926289892,-0.26990595000687234,1
-0.801453897588547,-0.036932789311961645,0
-0.23488120882194585,-0.2634215311682816,1
-0.7639030531722414,-0.13222219667181723,0
-0.013867081285271143,-0.3714906190990753,0
-0.13397137034638018,-0.47314345019724013,0
-0.04751804930887682,-0.1548387431526399,0
0.022267973279776587,-0.1453268069499496,1
0.04428244063779152,-0.6933231204908719,1
-0.34052829659831696,0.3136615277893151,0
-0.5031550855100608,-0.16620814209777235,0
-0.10906038998100454,0.04332629569217206,0
0.06278380264473027,-0.06605125991561822,1
0.6172331632132562,-0.35590515362213704,0
0.05185174741571008,-0.6429240866931092,1
-0.4057886449385668,0.1536644133277767,0
-0.19442949450283054,0.03762714156975555,0
-0.3929773489366899,-0.2476921856001566,0
-0.34169981746130806,-0.15842221827798686,1
-0.06050773675836241,-0.23493076176763816,0
-0.08481844799136073,0.2608216210976291,1
-0.05217902813619146,-0.7258138132270107,1
-0.27146220496299256,-0.017085194556739847,1
0.585112413286849,-0.46160546051665907,0
-0.34160329901702435,-0.13582061711264948,0
-0.02785769109036873,-0.13592251448879733,0
0.4082395330396351,-0.3329009470247818,0
-0.056965246814485115,-0.5949094281795797,0
-0.23975821989961477,-0.25225803752334564,1
-0.5662415119462413,-0.009941023264273485,0
0.07485793466059931,-0.5339947275995733,1
-0.38948708468549587,-0.047744379386858715,1
-0.013900608278453075,-0.7269471623490564,1
-0.085951242172562,-0.11482562151166487,0
-0.22682375902503427,0.19632796057168433,1
-0.23775901927876653,-0.33228744223916373,1
0.4256853290952931,-0.22761852934681925,0
0.5191366107075588,-0.3994855843257007,0
0.012302412132404017,0.37297845353487014,1
-0.7809870988583775,-0.21575440906912202,0
-0.34261635549942293,-0.3173962881466611,1
-0.6791195293085714,-0.35663161866094706,0
-0.5453021535548273,-0.36338362614224085,0
0.008935011108129665,-0.24567871490646043,1
-0.16895178697095037,0.046603098558210876,1
-0.2596160556696241,-0.16200901704520432,1
-0.19757566583799213,-0.3406498418933941,1
0.5631655378863525,-0.41484071942710854,0
-0.3195667456387514,-0.034207026115466777,1
-0.23015881381923697,-0.005036084700851928,1
0.5849817673012239,-0.3565179635095199,0
-0.16352876820693363,-0.16179515109140474,1
0.10960857439399785,-0.36555239253212535,0
-0.05536961130277507,-0.21052801903547924,1
-0.04907189794707789,-0.23871058025810044,1
-0.3239601115382946,-0.4620568468972941,1
